Name = 'PI\_JI\_12x4Kernel';
 
% number of repeats:% 3
% enter first, last, inc:% 48 960 48 
data = [
%  n          reference      |         current implementation 
%        time       GFLOPS   |    time       GFLOPS     diff 
   960 6.1507e-02 2.8769e+01    9.3957e-02 1.8833e+01 9.9476e-13
   912 5.1162e-02 2.9653e+01    8.4120e-02 1.8035e+01 8.8107e-13
   864 5.3969e-02 2.3901e+01    9.0835e-02 1.4201e+01 8.5265e-13
   816 3.8211e-02 2.8439e+01    9.3459e-02 1.1627e+01 7.6739e-13
   768 3.4473e-02 2.6281e+01    5.4019e-02 1.6771e+01 7.6739e-13
   720 2.6921e-02 2.7730e+01    5.5589e-02 1.3429e+01 7.1054e-13
   672 2.1648e-02 2.8037e+01    2.9774e-02 2.0385e+01 6.5370e-13
   624 1.7004e-02 2.8578e+01    2.7520e-02 1.7658e+01 5.6843e-13
   576 1.4065e-02 2.7174e+01    2.2411e-02 1.7055e+01 4.8317e-13
   528 1.0492e-02 2.8060e+01    1.2743e-02 2.3102e+01 3.9790e-13
   480 7.6124e-03 2.9056e+01    9.3404e-03 2.3680e+01 3.6948e-13
   432 5.8380e-03 2.7620e+01    6.7553e-03 2.3869e+01 3.1264e-13
   384 4.0627e-03 2.7875e+01    5.5061e-03 2.0567e+01 2.2737e-13
   336 2.7655e-03 2.7433e+01    3.0805e-03 2.4628e+01 1.7053e-13
   288 1.7627e-03 2.7104e+01    1.8503e-03 2.5821e+01 1.1369e-13
   240 9.6780e-04 2.8568e+01    1.0379e-03 2.6638e+01 4.2633e-14
   192 4.9652e-04 2.8510e+01    5.3920e-04 2.6253e+01 2.8422e-14
   144 2.2554e-04 2.6479e+01    2.2817e-04 2.6174e+01 2.8422e-14
    96 8.0617e-05 2.1949e+01    6.6379e-05 2.6657e+01 1.0658e-14
    48 1.8795e-05 1.1768e+01    7.8050e-06 2.8339e+01 7.1054e-15
];

% Maximum difference between reference and your implementation: 9.947598e-13.
