Name = 'Five\_Loops\_12x4Kernel';
 
% number of repeats:% 3
% enter first, last, inc:% 48 960 48 
data = [
%  n          reference      |         current implementation 
%        time       GFLOPS   |    time       GFLOPS     diff 
   960 6.2304e-02 2.8401e+01    1.2668e-01 1.3968e+01 9.9476e-13
   912 5.6626e-02 2.6792e+01    1.1359e-01 1.3356e+01 8.8107e-13
   864 5.0155e-02 2.5719e+01    8.4441e-02 1.5276e+01 8.5265e-13
   816 3.7636e-02 2.8873e+01    7.4509e-02 1.4584e+01 7.6739e-13
   768 3.0282e-02 2.9917e+01    6.7989e-02 1.3325e+01 7.6739e-13
   720 2.6277e-02 2.8409e+01    5.1669e-02 1.4448e+01 7.1054e-13
   672 2.0878e-02 2.9071e+01    4.0824e-02 1.4867e+01 6.5370e-13
   624 1.6903e-02 2.8748e+01    2.5369e-02 1.9155e+01 5.6843e-13
   576 1.6541e-02 2.3107e+01    2.4361e-02 1.5690e+01 4.8317e-13
   528 1.4813e-02 1.9875e+01    1.6283e-02 1.8080e+01 3.9790e-13
   480 1.2060e-02 1.8340e+01    1.2007e-02 1.8421e+01 3.6948e-13
   432 9.2199e-03 1.7489e+01    8.0096e-03 2.0131e+01 3.1264e-13
   384 4.1650e-03 2.7190e+01    6.2338e-03 1.8166e+01 2.2737e-13
   336 2.7614e-03 2.7474e+01    3.4523e-03 2.1976e+01 1.7053e-13
   288 2.1329e-03 2.2400e+01    2.1008e-03 2.2741e+01 1.1369e-13
   240 1.0072e-03 2.7451e+01    1.0491e-03 2.6354e+01 4.2633e-14
   192 4.9619e-04 2.8529e+01    5.3656e-04 2.6382e+01 2.8422e-14
   144 2.2561e-04 2.6470e+01    2.1394e-04 2.7914e+01 2.8422e-14
    96 8.0369e-05 2.2017e+01    6.2554e-05 2.8287e+01 1.0658e-14
    48 1.8961e-05 1.1665e+01    7.8020e-06 2.8350e+01 7.1054e-15
];

% Maximum difference between reference and your implementation: 9.947598e-13.
