Name = 'JI\_8x4Kernel';
 
% number of repeats:% 3
% enter first, last, inc:% 48 960 48 
data = [
%  n          reference      |         current implementation 
%        time       GFLOPS   |    time       GFLOPS     diff 
   960 8.7146e-02 2.0305e+01    5.4028e-01 3.2751e+00 9.9476e-13
   912 6.7866e-02 2.2354e+01    4.8082e-01 3.1552e+00 8.8107e-13
   864 5.0173e-02 2.5710e+01    4.0472e-01 3.1873e+00 8.5265e-13
   816 4.7272e-02 2.2988e+01    3.3407e-01 3.2529e+00 7.6739e-13
   768 3.6924e-02 2.4536e+01    2.6758e-01 3.3857e+00 7.6739e-13
   720 2.8144e-02 2.6524e+01    2.4116e-01 3.0954e+00 7.1054e-13
   672 2.5347e-02 2.3945e+01    1.9392e-01 3.1297e+00 6.5370e-13
   624 1.9529e-02 2.4883e+01    1.3656e-01 3.5584e+00 5.6843e-13
   576 1.5968e-02 2.3936e+01    1.0162e-01 3.7610e+00 4.8317e-13
   528 1.2203e-02 2.4124e+01    6.3771e-02 4.6164e+00 3.9790e-13
   480 8.0674e-03 2.7417e+01    3.0191e-02 7.3262e+00 3.6948e-13
   432 6.5373e-03 2.4665e+01    1.6479e-02 9.7846e+00 3.1264e-13
   384 4.7321e-03 2.3931e+01    8.0172e-03 1.4125e+01 2.2737e-13
   336 3.1720e-03 2.3917e+01    6.8122e-03 1.1137e+01 1.7053e-13
   288 2.9760e-03 1.6053e+01    3.7828e-03 1.2630e+01 1.1369e-13
   240 1.0644e-03 2.5975e+01    2.1165e-03 1.3063e+01 4.2633e-14
   192 4.9842e-04 2.8401e+01    8.4746e-04 1.6704e+01 2.8422e-14
   144 3.7248e-04 1.6033e+01    2.3394e-04 2.5527e+01 2.8422e-14
    96 8.0984e-05 2.1850e+01    7.1751e-05 2.4661e+01 1.0658e-14
    48 1.8878e-05 1.1716e+01    9.1870e-06 2.4076e+01 7.1054e-15
];

% Maximum difference between reference and your implementation: 9.947598e-13.
