Name = 'IJP\_JI\_4x4Kernel';
 
% number of repeats:% 3
% enter first, last, inc:% 48 960 48 
data = [
%  n          reference      |         current implementation 
%        time       GFLOPS   |    time       GFLOPS     diff 
   960 8.8813e-02 1.9924e+01    2.7280e-01 6.4864e+00 9.9476e-13
   912 6.3967e-02 2.3717e+01    1.7565e-01 8.6373e+00 8.8107e-13
   864 5.5511e-02 2.3238e+01    1.3776e-01 9.3636e+00 8.5265e-13
   816 4.6911e-02 2.3165e+01    1.7471e-01 6.2200e+00 7.6739e-13
   768 5.0171e-02 1.8058e+01    1.2135e-01 7.4655e+00 7.6739e-13
   720 4.0223e-02 1.8559e+01    8.1738e-02 9.1327e+00 7.1054e-13
   672 2.6581e-02 2.2833e+01    9.0365e-02 6.7164e+00 6.5370e-13
   624 1.9213e-02 2.5293e+01    4.6912e-02 1.0359e+01 5.6843e-13
   576 1.6081e-02 2.3768e+01    5.3658e-02 7.1231e+00 4.8317e-13
   528 1.4073e-02 2.0919e+01    3.7561e-02 7.8378e+00 3.9790e-13
   480 9.9748e-03 2.2174e+01    2.4772e-02 8.9288e+00 3.6948e-13
   432 9.3593e-03 1.7228e+01    2.5595e-02 6.2997e+00 3.1264e-13
   384 4.8996e-03 2.3113e+01    1.1300e-02 1.0022e+01 2.2737e-13
   336 3.9123e-03 1.9392e+01    8.1098e-03 9.3548e+00 1.7053e-13
   288 2.0266e-03 2.3575e+01    4.1132e-03 1.1615e+01 1.1369e-13
   240 1.1942e-03 2.3152e+01    2.2462e-03 1.2309e+01 4.2633e-14
   192 6.5101e-04 2.1744e+01    1.1825e-03 1.1971e+01 2.8422e-14
   144 3.2155e-04 1.8572e+01    4.4285e-04 1.3485e+01 2.8422e-14
    96 8.4116e-05 2.1036e+01    1.2415e-04 1.4253e+01 1.0658e-14
    48 2.1743e-05 1.0173e+01    1.6110e-05 1.3730e+01 7.1054e-15
];

% Maximum difference between reference and your implementation: 9.947598e-13.
