Name = 'JPI\_JI\_12x4Kernel';
 
% number of repeats:% 3
% enter first, last, inc:% 48 960 48 
data = [
%  n          reference      |         current implementation 
%        time       GFLOPS   |    time       GFLOPS     diff 
   960 7.2442e-02 2.4426e+01    1.3271e-01 1.3333e+01 9.9476e-13
   912 5.1023e-02 2.9734e+01    9.8005e-02 1.5480e+01 8.8107e-13
   864 4.6460e-02 2.7765e+01    8.7230e-02 1.4788e+01 8.5265e-13
   816 3.8007e-02 2.8592e+01    7.3570e-02 1.4771e+01 7.6739e-13
   768 3.1493e-02 2.8768e+01    7.1648e-02 1.2645e+01 7.6739e-13
   720 3.0800e-02 2.4237e+01    4.1247e-02 1.8098e+01 7.1054e-13
   672 2.1694e-02 2.7977e+01    4.4774e-02 1.3555e+01 6.5370e-13
   624 1.7740e-02 2.7393e+01    3.3066e-02 1.4696e+01 5.6843e-13
   576 1.5776e-02 2.4228e+01    2.3885e-02 1.6002e+01 4.8317e-13
   528 1.0705e-02 2.7501e+01    1.6337e-02 1.8020e+01 3.9790e-13
   480 7.9956e-03 2.7663e+01    1.2636e-02 1.7504e+01 3.6948e-13
   432 5.8093e-03 2.7756e+01    8.1748e-03 1.9724e+01 3.1264e-13
   384 4.0938e-03 2.7663e+01    6.3069e-03 1.7956e+01 2.2737e-13
   336 3.1934e-03 2.3757e+01    3.4244e-03 2.2154e+01 1.7053e-13
   288 1.7619e-03 2.7116e+01    2.1350e-03 2.2377e+01 1.1369e-13
   240 9.7056e-04 2.8487e+01    1.0536e-03 2.6240e+01 4.2633e-14
   192 9.2491e-04 1.5305e+01    8.4418e-04 1.6769e+01 2.8422e-14
   144 2.7280e-04 2.1892e+01    2.5399e-04 2.3513e+01 2.8422e-14
    96 8.0403e-05 2.2008e+01    6.2295e-05 2.8405e+01 1.0658e-14
    48 1.8748e-05 1.1798e+01    7.8020e-06 2.8350e+01 7.1054e-15
];

% Maximum difference between reference and your implementation: 9.947598e-13.
