Name = 'Five\_Loops\_Pack\_12x4Kernel';
 
% number of repeats:% 3
% enter first, last, inc:% 48 960 48 
data = [
%  n          reference      |         current implementation 
%        time       GFLOPS   |    time       GFLOPS     diff 
   960 6.9300e-02 2.5533e+01    7.7637e-02 2.2792e+01 9.9476e-13
   912 6.1570e-02 2.4640e+01    6.5750e-02 2.3074e+01 8.8107e-13
   864 5.5569e-02 2.3214e+01    5.5639e-02 2.3184e+01 8.5265e-13
   816 4.8079e-02 2.2602e+01    5.4579e-02 1.9910e+01 7.6739e-13
   768 3.2629e-02 2.7766e+01    3.8819e-02 2.3338e+01 7.6739e-13
   720 2.9491e-02 2.5313e+01    3.1757e-02 2.3507e+01 7.1054e-13
   672 2.2775e-02 2.6649e+01    2.4055e-02 2.5231e+01 6.5370e-13
   624 3.3460e-02 1.4523e+01    2.5166e-02 1.9309e+01 5.6843e-13
   576 1.4621e-02 2.6140e+01    1.6158e-02 2.3655e+01 4.8317e-13
   528 1.0814e-02 2.7224e+01    1.2353e-02 2.3831e+01 3.9790e-13
   480 7.7970e-03 2.8368e+01    8.8409e-03 2.5018e+01 3.6948e-13
   432 5.9055e-03 2.7304e+01    6.5781e-03 2.4512e+01 3.1264e-13
   384 4.2038e-03 2.6939e+01    4.6173e-03 2.4526e+01 2.2737e-13
   336 2.7807e-03 2.7283e+01    2.9951e-03 2.5330e+01 1.7053e-13
   288 1.7671e-03 2.7036e+01    1.9000e-03 2.5145e+01 1.1369e-13
   240 9.8620e-04 2.8035e+01    1.2787e-03 2.1622e+01 4.2633e-14
   192 4.9698e-04 2.8484e+01    5.4368e-04 2.6037e+01 2.8422e-14
   144 2.2791e-04 2.6203e+01    2.3841e-04 2.5050e+01 2.8422e-14
    96 8.1267e-05 2.1774e+01    7.6118e-05 2.3246e+01 1.0658e-14
    48 1.9565e-05 1.1305e+01    1.1461e-05 1.9299e+01 7.1054e-15
];

% Maximum difference between reference and your implementation: 9.947598e-13.
