Name = 'IJP\_MRxNRxKR';
 
% number of repeats:% 3
% enter first, last, inc:% 48 960 48 
data = [
%  n          reference      |         current implementation 
%        time       GFLOPS   |    time       GFLOPS     diff 
   960 1.3961e-01 1.2674e+01    2.1157e+00 8.3633e-01 9.6634e-13
   912 6.1738e-02 2.4573e+01    1.4318e+00 1.0596e+00 9.0949e-13
   864 5.6949e-02 2.2651e+01    1.5358e+00 8.3994e-01 8.5265e-13
   816 4.8687e-02 2.2320e+01    9.6498e-01 1.1261e+00 7.9581e-13
   768 3.6513e-02 2.4812e+01    1.1910e+00 7.6071e-01 7.6739e-13
   720 3.3271e-02 2.2437e+01    6.5166e-01 1.1455e+00 7.1054e-13
   672 2.3671e-02 2.5640e+01    5.4521e-01 1.1132e+00 6.5370e-13
   624 2.0732e-02 2.3439e+01    4.4387e-01 1.0948e+00 5.6843e-13
   576 1.8152e-02 2.1055e+01    5.0059e-01 7.6351e-01 4.8317e-13
   528 1.1034e-02 2.6681e+01    2.3218e-01 1.2680e+00 3.9790e-13
   480 1.2424e-02 1.7803e+01    1.6662e-01 1.3275e+00 3.6948e-13
   432 8.1504e-03 1.9783e+01    1.1988e-01 1.3450e+00 2.9843e-13
   384 5.0423e-03 2.2459e+01    1.3343e-01 8.4875e-01 2.2737e-13
   336 3.4718e-03 2.1852e+01    6.0048e-02 1.2634e+00 1.7053e-13
   288 2.2660e-03 2.1083e+01    3.7805e-02 1.2637e+00 1.1369e-13
   240 1.4993e-03 1.8441e+01    1.7089e-02 1.6179e+00 4.2633e-14
   192 6.6128e-04 2.1407e+01    1.1680e-02 1.2120e+00 3.5527e-14
   144 5.0573e-04 1.1809e+01    2.7608e-03 2.1632e+00 2.8422e-14
    96 1.8173e-04 9.7370e+00    7.8317e-04 2.2594e+00 1.4211e-14
    48 1.9283e-05 1.1470e+01    9.6576e-05 2.2903e+00 5.3291e-15
];

% Maximum difference between reference and your implementation: 9.663381e-13.
