Name = 'IJP';
 
% number of repeats:% 3
% enter first, last, inc:% 48 960 48 
data = [
%  n          reference      |         current implementation 
%        time       GFLOPS   |    time       GFLOPS     diff 
   960 6.5563e-02 2.6989e+01    3.3161e+00 5.3360e-01 9.6634e-13
   912 5.4086e-02 2.8050e+01    1.4207e+00 1.0678e+00 9.0949e-13
   864 5.0422e-02 2.5583e+01    1.8173e+00 7.0981e-01 8.5265e-13
   816 4.3974e-02 2.4712e+01    9.6945e-01 1.1209e+00 7.9581e-13
   768 3.5502e-02 2.5519e+01    1.6654e+00 5.4401e-01 7.6739e-13
   720 2.5969e-02 2.8746e+01    7.1249e-01 1.0477e+00 7.1054e-13
   672 2.3172e-02 2.6192e+01    9.9928e-01 6.0737e-01 6.5370e-13
   624 1.8291e-02 2.6567e+01    4.2364e-01 1.1471e+00 5.6843e-13
   576 1.3585e-02 2.8134e+01    6.1965e-01 6.1681e-01 4.8317e-13
   528 1.1422e-02 2.5774e+01    2.5812e-01 1.1405e+00 3.9790e-13
   480 7.8809e-03 2.8066e+01    2.0574e-01 1.0751e+00 3.6948e-13
   432 5.8834e-03 2.7407e+01    1.3364e-01 1.2065e+00 2.9843e-13
   384 4.2505e-03 2.6643e+01    1.5546e-01 7.2845e-01 2.2737e-13
   336 3.0797e-03 2.4634e+01    6.0547e-02 1.2530e+00 1.7053e-13
   288 2.3579e-03 2.0262e+01    3.6778e-02 1.2990e+00 1.1369e-13
   240 1.1874e-03 2.3284e+01    1.9113e-02 1.4466e+00 4.2633e-14
   192 5.0642e-04 2.7953e+01    1.1344e-02 1.2479e+00 3.5527e-14
   144 2.2577e-04 2.6451e+01    3.7212e-03 1.6049e+00 2.8422e-14
    96 8.0534e-05 2.1972e+01    1.8606e-03 9.5105e-01 1.4211e-14
    48 2.7272e-05 8.1103e+00    1.9991e-04 1.1064e+00 5.3291e-15
];

% Maximum difference between reference and your implementation: 9.663381e-13.
