Name = 'JI\_8x6Kernel';
 
% number of repeats:% 3
% enter first, last, inc:% 48 960 48 
data = [
%  n          reference      |         current implementation 
%        time       GFLOPS   |    time       GFLOPS     diff 
   960 1.0119e-01 1.7486e+01    5.2538e-01 3.3680e+00 9.9476e-13
   912 8.3536e-02 1.8161e+01    5.4108e-01 2.8038e+00 8.8107e-13
   864 6.0800e-02 2.1216e+01    3.9014e-01 3.3064e+00 8.5265e-13
   816 6.8950e-02 1.5760e+01    3.1353e-01 3.4659e+00 7.6739e-13
   768 5.8166e-02 1.5576e+01    2.7326e-01 3.3154e+00 7.6739e-13
   720 3.4603e-02 2.1573e+01    2.1252e-01 3.5126e+00 7.1054e-13
   672 2.8857e-02 2.1032e+01    1.5767e-01 3.8494e+00 6.5370e-13
   624 1.9501e-02 2.4918e+01    1.2774e-01 3.8041e+00 5.6843e-13
   576 1.6545e-02 2.3100e+01    1.0851e-01 3.5222e+00 4.8317e-13
   528 1.3521e-02 2.1773e+01    7.0619e-02 4.1688e+00 3.9790e-13
   480 1.0294e-02 2.1486e+01    3.6061e-02 6.1336e+00 3.6948e-13
   432 8.7253e-03 1.8480e+01    4.9127e-02 3.2822e+00 3.1264e-13
   384 4.9989e-03 2.2654e+01    1.4607e-02 7.7531e+00 2.2737e-13
   336 3.6860e-03 2.0582e+01    5.8183e-03 1.3039e+01 1.7053e-13
   288 2.0214e-03 2.3635e+01    9.5204e-03 5.0182e+00 1.1369e-13
   240 1.8142e-03 1.5240e+01    2.3681e-03 1.1675e+01 4.2633e-14
   192 5.7755e-04 2.4510e+01    7.7250e-04 1.8325e+01 2.8422e-14
   144 4.0294e-04 1.4821e+01    4.5314e-04 1.3179e+01 2.8422e-14
    96 2.3847e-04 7.4202e+00    1.1089e-04 1.5957e+01 1.0658e-14
    48 3.4776e-05 6.3602e+00    1.4076e-05 1.5714e+01 7.1054e-15
];

% Maximum difference between reference and your implementation: 9.947598e-13.
