Name = 'Five\_Loops\_Pack\_4x4Kernel';
 
% number of repeats:% 3
% enter first, last, inc:% 48 960 48 
data = [
%  n          reference      |         current implementation 
%        time       GFLOPS   |    time       GFLOPS     diff 
   960 8.1785e-02 2.1636e+01    1.5785e-01 1.1210e+01 9.9476e-13
   912 6.1670e-02 2.4600e+01    1.3833e-01 1.0967e+01 8.8107e-13
   864 5.7802e-02 2.2317e+01    1.1125e-01 1.1595e+01 8.5265e-13
   816 4.2545e-02 2.5542e+01    8.9377e-02 1.2158e+01 7.6739e-13
   768 3.2738e-02 2.7674e+01    7.7437e-02 1.1699e+01 7.6739e-13
   720 3.0791e-02 2.4244e+01    8.2537e-02 9.0443e+00 7.1054e-13
   672 2.5752e-02 2.3569e+01    5.1453e-02 1.1796e+01 6.5370e-13
   624 2.0668e-02 2.3512e+01    5.4846e-02 8.8601e+00 5.6843e-13
   576 1.5503e-02 2.4653e+01    2.9853e-02 1.2803e+01 4.8317e-13
   528 1.1425e-02 2.5768e+01    2.4309e-02 1.2111e+01 3.9790e-13
   480 8.9563e-03 2.4696e+01    1.8685e-02 1.1837e+01 3.6948e-13
   432 5.9808e-03 2.6960e+01    1.5185e-02 1.0619e+01 3.1264e-13
   384 5.0062e-03 2.2621e+01    1.2644e-02 8.9566e+00 2.2737e-13
   336 5.0678e-03 1.4970e+01    1.4967e-02 5.0688e+00 1.7053e-13
   288 1.8569e-03 2.5729e+01    5.3370e-03 8.9518e+00 1.1369e-13
   240 1.1113e-03 2.4878e+01    2.1469e-03 1.2878e+01 4.2633e-14
   192 7.8480e-04 1.8037e+01    1.1382e-03 1.2437e+01 2.8422e-14
   144 2.6275e-04 2.2729e+01    4.3895e-04 1.3605e+01 2.8422e-14
    96 8.1506e-05 2.1710e+01    1.3906e-04 1.2724e+01 1.0658e-14
    48 1.8714e-05 1.1819e+01    1.9766e-05 1.1190e+01 7.1054e-15
];

% Maximum difference between reference and your implementation: 9.947598e-13.
