Name = 'IJ\_4x4Kernel';
 
% number of repeats:% 3
% enter first, last, inc:% 48 960 48 
data = [
%  n          reference      |         current implementation 
%        time       GFLOPS   |    time       GFLOPS     diff 
   960 8.7866e-02 2.0138e+01    4.7205e-01 3.7485e+00 9.9476e-13
   912 5.8552e-02 2.5911e+01    2.9708e-01 5.1068e+00 8.8107e-13
   864 5.6639e-02 2.2775e+01    3.0417e-01 4.2409e+00 8.5265e-13
   816 4.7042e-02 2.3100e+01    1.4649e-01 7.4180e+00 7.6739e-13
   768 4.1956e-02 2.1593e+01    2.6302e-01 3.4445e+00 7.6739e-13
   720 2.9119e-02 2.5636e+01    1.0155e-01 7.3513e+00 7.1054e-13
   672 2.3631e-02 2.5683e+01    1.6335e-01 3.7155e+00 6.5370e-13
   624 2.0740e-02 2.3430e+01    5.7119e-02 8.5075e+00 5.6843e-13
   576 1.6153e-02 2.3661e+01    8.6644e-02 4.4112e+00 4.8317e-13
   528 1.2121e-02 2.4289e+01    3.0223e-02 9.7409e+00 3.9790e-13
   480 8.8685e-03 2.4940e+01    3.9730e-02 5.5671e+00 3.6948e-13
   432 6.0759e-03 2.6538e+01    1.6131e-02 9.9956e+00 3.1264e-13
   384 4.3076e-03 2.6290e+01    1.6263e-02 6.9634e+00 2.2737e-13
   336 3.6512e-03 2.0778e+01    6.1265e-03 1.2383e+01 1.7053e-13
   288 1.7622e-03 2.7112e+01    3.6210e-03 1.3194e+01 1.1369e-13
   240 1.1987e-03 2.3065e+01    2.1944e-03 1.2599e+01 4.2633e-14
   192 5.0751e-04 2.7892e+01    1.1493e-03 1.2317e+01 2.8422e-14
   144 2.9409e-04 2.0307e+01    4.3343e-04 1.3778e+01 2.8422e-14
    96 8.1080e-05 2.1824e+01    1.2553e-04 1.4096e+01 1.0658e-14
    48 1.8896e-05 1.1705e+01    1.5877e-05 1.3931e+01 7.1054e-15
];

% Maximum difference between reference and your implementation: 9.947598e-13.
